5
3
3
[ 0.972369 -1.57228e-05 ][ 0.329022 -9.80571e-06 ][ 1.11395 -2.54956e-05 ]
3
[ 0.997143 -1.57211e-05 ][ 0.964162 -9.80389e-06 ][ 0.833794 -2.5492e-05 ]
3
[ -0.877674 -1.35348e-05 ][ -0.174029 -6.75984e-06 ][ -1.00158 -2.34011e-05 ]
4
3
[ 1.35865 -1.59093e-06 ][ 0.473539 -3.05866e-06 ][ 1.11508 -3.04154e-05 ]
3
[ 0.858386 -2.77264e-07 ][ 0.447674 -1.67397e-06 ][ 0.72093 -3.08991e-05 ]
3
[ 1.4617 -1.74228e-06 ][ 0.649966 -3.11833e-06 ][ 1.44249 -2.81235e-05 ]
3
[ 0.474159 2.64593e-06 ][ 0.443754 1.11304e-06 ][ -1.23034 -3.85317e-05 ]
4
3
[ -0.0277206 4.57435e-05 ][ -0.644557 -3.17113e-05 ][ 1.80086 -2.61062e-06 ]
3
[ -0.349144 4.32309e-05 ][ -0.0884291 -3.95482e-05 ][ 0.429786 -6.91633e-07 ]
3
[ -1.53098 3.93463e-05 ][ 1.49248 -2.33367e-05 ][ 0.580681 -2.98295e-06 ]
3
[ 0.489429 4.82873e-05 ][ 0.525644 -7.52746e-05 ][ 0.659513 4.99634e-06 ]
4
1
[ 1.37721 -7.22964e-05 ]
1
[ -1.32507 8.12214e-05 ]
1
[ 2.02951 9.12892e-05 ]
1
[ 0.172042 0.00012783 ]
2
0

0

